109 -985
-1228 1871
1903 1666
602 1005
415 748
1851 -106
-1627 -710
1247 -1124
-1086 1513
-972 960
-685 -466
1028 -1341
1855 -1554
892 754
-703 -775
-1474 -845
-827 -806
-1109 -1219
57 1722
84 1026
-1527 -260
-1145 1925
1599 -1182
871 -1880
-1612 -1983
1551 1891
-161 1597
-427 -383
1297 1675
820 471
-213 1674
-428 1439
229 1922
1417 1319
900 -443
-1641 -1984
-1878 -391
-534 1006
-816 960
1189 922
489 -1124
-1431 -431
-275 1715
362 -670
-33 1179
-942 -573
824 -256
-849 -849
723 -448
-867 56
1552 1291
77 -560
-1802 1690
-673 264
-1098 219
1601 -1028
-627 -648
159 1181
1355 -789
-1369 240
1467 479
1782 1241
-1671 -1973
638 -622
-1031 434
-1594 1301
2000 1472
-986 -1456
-303 640
884 -1775
493 -1410
1691 -96
1995 -1656
-89 -1876
-1559 429
1426 -1188
-1383 230
-510 -655
-1090 -23
1389 1146
-1152 1154
1327 164
257 308
499 487
1053 -1407
-580 1469
-1258 1715
1038 -381
586 -1905
-290 1659
-1243 -64
-1337 -674
-167 1440
773 803
-769 792
-1939 -123
-114 -378
-1048 -612
1061 -1923
881 -1989
59 -746
-1671 -438
781 -764
-94 785
1126 959
1250 1978
-1416 101
-807 612
290 -1483
-1579 1927
-1316 1327
945 1977
-1786 -1301
-989 -1975
-1450 190
1701 192
912 -1968
1099 53
1355 -600
-1087 -1499
1349 1401
-535 699
-408 -1638
-1671 -1375
-854 631
-442 -953
1336 -193
27 80
-869 -826
482 -351
-766 -209
1332 384
-635 -1005
-1121 -1534
-410 -650
386 -625
641 1384
-875 -1293
227 1782
673 -861
-1099 1738
-728 -1615
-236 1700
1257 1199
-1451 1471
-907 294
1693 501
150 235
-1985 1303
226 1170
1994 -1222
101 839
1231 -1967
1370 929
-1426 -1006
1613 1679
-1851 -920
-1649 1878
810 -266
-369 -1007
1112 33
-255 -382
290 -931
224 1631
962 734
1523 -179
2000 -1634
-376 -1909
-1822 931
960 -1708
446 -1774
-1382 -844
653 936
1791 -1848
-1288 -287
841 770
576 -1105
-311 238
294 -1822
-1622 -1478
382 -1690
-820 66
918 -382
1107 1207
-1594 911
-421 1070
-1487 -1955
-1145 -25
-1424 1938
188 1740
529 -1137
1267 -107
-1327 1924
1682 -501
-1991 88
957 -1793
1864 1038
615 -1432
-1715 1199
1832 -716
-420 1101
-851 38
410 842
1055 1721
-537 1041
605 1164
877 -1098
-598 1133
69 710
1442 -1292
584 -37
-1194 -54
283 -203
1915 770
-1134 -1600
-86 1562
-1904 1833
150 -1754
-1139 -1776
-1322 -31
1254 -396
-1457 -231
-1397 -180
1353 -876
-1404 -209
1011 -479
530 -592
-1456 1231
1263 335
-1274 1937
112 1565
940 1497
-173 -797
151 898
-518 -8
850 -1509
-444 -1083
1826 -1837
1050 -310
-605 509
-1077 -1668
624 -1301
-936 -938
-1529 -373
-1744 1394
608 -1334
-996 206
-14 1830
-423 11
832 -619
881 -1562
1398 -1303
962 1330
-122 116
-29 -836
-737 -428
-1655 -180
-1020 1802
247 -638
-1079 1774
-1666 1612
-1554 -618
1958 1100
-814 596
1279 -755
137 393
1882 -1917
-1359 -741
1904 275
299 540
681 893
554 1696
-1902 1833
389 1359
1072 454
-1567 -145
-867 -469
-876 -544
105 -1468
333 -749
1997 221
-231 -597
722 -1179
1719 798
661 -612
-4 406
1493 -1566
-1641 497
1530 -287
1880 1971
1779 -1575
-24 -853
-755 1065
1742 -129
-1336 547
1284 1601
272 481
-1553 1789
-1257 -1502
1058 1251
-1753 1309
1131 -572
-1091 1303
-1373 -464
1679 489
259 827
-1182 1503
1326 -1613
1038 1004
1785 -840
1784 1769
-126 482
1528 48
-1903 -1393
469 749
-757 -98
-332 -490
1870 1942
286 -1626
-198 188
228 863
-1764 -1692
913 -764
1373 -1581
47 344
207 1257
-528 -1842
1938 245
-1656 150
-67 1960
1031 -922
247 1410
-1380 -283
-984 1420
-432 1837
1479 -447
1066 -120
1404 -1338
-480 1131
-1187 1733
-577 -677
1906 802
-1959 154
902 445
-422 1636
1293 -1126
244 1041
1070 -149
-369 -1580
1685 1450
1933 -47
748 -947
-676 1850
1031 1291
231 -1571
1654 -1739
-1763 -1894
-1406 830
1273 763
-1284 -1984
413 805
-109 -1651
-1960 1784
-1650 -1086
963 458
109 -1526
966 1003
794 -1949
-1905 -1127
1032 758
-725 446
-122 -1777
-410 -364
-1965 -1382
-1688 1903
-698 1958
-1522 31
-809 -541
1068 1876
-1539 -564
-177 -550
-484 -1453
-1810 1714
1155 -736
-717 -1209
1894 -1248
-719 -598
996 -627
456 406
1276 -1749
909 -1681
-1870 -1477
1360 -1176
1261 1871
1913 -1843
1705 874
856 1969
-1658 -1575
-1121 219
-225 -265
-1462 -1990
-794 -1631
-966 311
1285 -719
-590 -1710
-1859 -305
169 -1200
-397 516
953 -1507
1879 -1593
258 -1511
1479 -1811
-1329 -23
1889 -596
-1141 1172
-210 -1298
-1433 -1465
-853 -590
1186 1746
1167 1738
1826 1743
-1295 1504
680 702
30 -704
1390 1576
-418 269
-997 -1289
-1908 78
-1118 409
-1247 1631
-1567 144
-1542 374
-303 849
-147 -1670
-1365 -1141
-1438 888
-1321 1096
-153 -1012
613 -301
538 617
388 -1358
841 -1619
-210 737
228 -652
507 612
1529 649
-418 -1730
690 -1255
-1754 1789
-1943 1566
171 -298
1494 -1983
-1956 -310
-1533 -1532
-1834 1508
-17 1544
43 -1569
-1644 -1140
1518 1371
-781 -198
-566 1858
214 1163
1339 99
-1930 -569
-765 -276
1818 486
1009 -1778
-885 127
-1413 -199
195 -1639
239 -1738
1457 -904
1886 132
396 765
-1853 -915
1996 1619
701 233
1769 -705
523 1824
-1817 -1115
1534 -525
650 -1320
1494 -1632
-789 -1328
-1473 1063
-1957 -616
695 -1174
395 833
-1726 1239
1601 -478
-617 -957
1575 -296
13 -1853
1068 110
145 624
1290 650
111 550
660 1823
-1837 -1250
1969 1995
1250 -877
971 1430
-488 -1873
-1744 491
-1463 -198
-1890 -129
644 1182
-1062 -1080
1807 1876
677 -676
-1828 1194
-1154 -8
-200 -1303
-219 -81
1394 -925
-1170 1461
659 2
-1971 -936
-1112 -264
70 -1940
849 1524
-1927 -1013
142 1365
724 735
244 890
-982 -1944
-1388 -1673
297 -860
1203 -568
-1916 161
-1036 -1134
-529 889
-1478 521
571 -924
-1787 -881
40 -691
-831 142
-1231 -419
-1591 -1040
1911 -1961
1900 487
1217 -685
-800 1280
150 109
57 -665
-1059 -934
-66 1384
1799 666
572 -402
-1620 559
-545 1583
-1369 -1167
1875 -1295
-1368 -20
1104 945
1740 791
378 670
-424 696
-1362 -1673
1694 1603
1502 -1402
-759 -2
-501 -290
1969 -676
-1960 1047
-658 173
95 -1796
-236 -872
-1409 -293
621 707
-146 9
-916 -1915
-605 1730
1809 -1231
-137 1440
815 1923
-899 -308
-1954 -1935
1989 1615
1503 1556
1340 1770
-824 -1007
-930 -1640
-1352 -1896
-296 347
-1858 1481
-1517 -229
1235 -750
-197 1547
-734 -714
1294 1815
608 -823
985 1446
1858 1325
1623 848
37 -1857
-1792 1186
1159 -689
-1711 13
-430 1688
-1163 -1330
-534 -1824
-307 -1664
-988 -1574
1795 -1429
-1461 1927
1409 -455
-195 1535
1693 1992
-199 445
-822 1977
1360 576
1565 749
-510 476
-245 -474
-1355 1988
-1088 85
-1156 430
1455 1817
-506 1119
-736 -97
662 1097
-831 -1995
1569 1221
-1434 -1697
1687 -528
512 -279
-1564 139
367 1099
-1670 333
371 372
-1901 -1120
-843 -1136
-1759 -75
960 729
-590 1718
1138 1563
-1476 -612
-1174 864
876 1136
311 -1101
1263 -597
-1661 1666
925 -1992
-68 1283
1253 931
-530 -473
580 -1692
-256 -825
821 -1899
83 322
135 140
-138 406
-1104 -1667
-1092 528
176 464
1072 1170
1541 -261
-1634 1106
-1514 1395
-1262 -496
1075 -812
-228 1902
-388 1967
737 -644
1344 1267
-652 -1295
1853 226
-1337 -1648
1342 -1029
-707 -1420
1368 961
303 -1850
1841 18
1108 -1206
1889 -868
1750 -1742
1328 1256
229 1618
-262 -1947
1275 -5
1103 -1499
-1932 -1516
-1492 -1267
-1641 -804
1776 1601
65 -1767
-1145 291
-965 -1476
-1796 -149
-484 -1173
1388 320
-951 -351
-307 131
647 -1792
1855 1242
-664 831
973 -1821
-767 1239
61 -509
848 -111
1766 -522
425 1616
415 -1223
-1684 1298
-119 1932
1962 -1846
711 -78
-1138 -1828
1919 1917
-1480 -54
-1976 630
264 318
642 -1728
-1455 -1619
-35 -1922
-767 1307
-1645 1304
372 -163
857 -298
-1545 -317
-1259 -746
-20 608
1307 -1519
448 -1665
-620 923
363 1150
1443 369
1712 1389
1586 1729
595 1465
-688 -812
-522 1347
369 547
39 533
1765 1277
1104 -704
439 -986
-1922 471
-1892 1175
-1350 -521
842 -368
-83 67
-1790 -1247
370 -1130
-1970 491
1876 137
-298 1310
-1395 1247
829 1267
-1219 -1851
-1785 -1421
-1202 1735
323 -295
-1380 1541
549 -760
-344 1346
-1284 -1681
684 1097
503 -910
1387 -793
1484 452
267 69
-1344 -1944
-1235 1338
-710 -1952
1948 928
662 289
329 1139
-1756 -1149
-242 -1890
-222 -411
1797 1990
1859 -1699
881 -1379
-628 -1657
-1447 1544
166 1115
351 -1654
1172 1867
-616 -1112
1790 1774
-1355 310
-476 771
1799 899
775 -964
296 -1383
870 533
1027 -530
1860 251
1748 1484
-1457 -1376
-1218 1507
888 -326
1630 -1683
1266 -1301
1592 -808
177 -542
1604 944
-92 1713
-1679 -1694
-815 231
-1084 -1928
1337 -1228
875 -513
-441 1455
230 -1609
1766 -1384
103 -1906
995 406
1224 -1380
1052 786
-1214 385
1417 -928
1085 1987
667 -1089
-1980 -1308
416 -1349
1374 1201
758 -701
717 193
-381 -483
-793 -743
1592 -1399
-9 -1089
-1161 366
-273 -26
-1882 1552
-1087 -1055
-422 1113
1325 -1414
-758 1351
-773 1098
-553 369
-1466 28
1853 -640
-397 1705
-647 -424
630 346
1032 -658
1828 483
-22 933
-8 1485
1435 1801
1570 183
-947 1681
-1087 -1474
630 -1583
-172 837
-1136 1367
1356 146
835 -804
-415 -272
489 1214
-1021 1742
592 1527
-591 1649
1543 19
-1606 1538
-1738 212
-875 415
-1224 -1403
-997 1835
1864 -657
521 -160
-1205 -1312
1313 73
-1710 1470
-742 -281
1864 1081
-1961 -579
-1420 1794
-79 -1863
-1737 -708
1741 1584
-945 -1544
-1072 -181
-433 523
871 -1664
1718 321
1631 341
-506 365
102 -1701
-1695 1499
1176 988
1645 -1865
469 238
-156 611
-1562 912
-1709 117
38 -1784
944 1693
1509 -1642
439 355
-1844 -1498
-1473 6
445 1139
18 -1393
717 1976
-857 1147
56 -1912
200 1779
-778 1307
727 -1097
-1062 523
1764 1498
-1954 -484
1843 -832
386 -1512
-228 -1614
950 1981
-1103 -26
-397 696
1500 1220
261 -104
549 -964
-262 -1831
-320 -1428
-1145 1059
-1378 809
276 -278
-605 -1049
1541 1088
-1875 763
1961 -1919
-250 -1193
683 -280
-617 484
-706 -1309
-503 895
-145 -297
858 -1248
-541 -478
1728 854
-493 -278
1222 -256
-1924 1815
-984 1729
418 -20
-1655 -602
-809 58
-885 960
390 669
-373 -372
1793 -231
-313 -1198
-103 755
839 -1712
1230 -1749
-210 -1701
-755 -319
-1306 237
-817 -1639
-1267 354
1725 1125
-1727 668
117 1504
-1330 -1381
566 -1295
-1335 700
-1154 890
1776 253
-1275 -1043
-966 -39
689 -1490
-530 353
-1714 -1690
-383 1155
753 1861
-164 -1504
-1535 -437
1399 -717
238 -15
1976 759
59 813
-1997 -1796
-1389 -496
-1867 1611
244 -128
66 166
-1017 -803
820 941
2000 -157
-1913 1926
362 -1528
7 1202
511 170
-439 -944
257 -1326
-57 -516
-951 -877
1516 711
1488 1817
863 -777
293 -1796
-1763 923
1685 -1403
876 1250
725 -1740
218 41
-1888 -1533
801 -1491
1443 734
1118 26
-1993 -1731
-220 1960
1414 -1266
579 155
-196 -1349
-1695 1609
-1055 531
1634 968
1641 1846
-299 -62
-1097 1119
1051 397
457 1432
-821 -653
899 1245
-585 -448
210 -1708
99 1385
315 -1924
-1152 1127
359 -77
-1726 -1352
60 1291
1108 1025
1108 1546
1210 -1929
-1567 -518
-1648 707
-14 1768
-390 -75
-1351 -1932
1580 -769
552 1171
-280 -1730
-19 64
1079 -1801
-667 1558
1661 833
1997 -1877
-1040 -1226
790 -1406
-643 -907
-1652 1000
-1394 -868
-1142 905
-1059 945
1217 431
445 1102
627 -1709
-1715 736
1035 -1425
592 337
-1697 -264
-353 -52
-279 1835
-1094 949
-937 -1920
-285 173
602 1477
-816 1269
909 1168
-355 855
966 1658
1487 848
-1284 -1399
1060 -1073
-855 1491
1265 1476
1866 -967
1569 449
1936 831
-1626 164
478 -1674
-1368 -423
1901 -160
-1181 -1364
-1940 -1532
-242 504
532 4
525 -1922
-554 1746
-1558 -760
901 541
1485 -896
-372 -1402
496 -1874
1667 1446
1675 1784
1816 139
1890 1708
66 1527
546 -1349
-777 128
1941 -501
-1090 1899
-256 -1251
